\begin{tabular}{lrrrrrrrrrrrrrrrrrrrrrr}
\toprule
{} &     ref15 &     scfxn &   bloss62 &    fa\_atr &    fa\_rep &    fa\_sol &  fa\_intra\_rep &  fa\_intra\_sol\_xover4 &  lk\_ball\_wtd &   fa\_elec &  pro\_close &  hbond\_sr\_bb &  hbond\_lr\_bb &  hbond\_bb\_sc &  hbond\_sc &  dslf\_fa13 &     omega &    fa\_dun &   p\_aa\_pp &  yhh\_planarity &       ref &  rama\_prepro \\
\midrule
ref15               &  1.000000 & -0.249357 &  0.697646 &  0.393312 & -0.174238 &  0.181425 &     -0.005034 &            -0.004445 &    -0.025120 & -0.174048 &   0.153775 &    -0.013605 &    -0.027211 &     0.046554 & -0.032872 &   0.031796 & -0.007629 &  0.056615 & -0.163288 &      -0.033224 & -0.067059 &    -0.142680 \\
scfxn               & -0.249357 &  1.000000 &  0.222231 & -0.905826 &  0.288277 &  0.411247 &      0.074893 &            -0.070415 &    -0.063237 & -0.284551 &  -0.138590 &    -0.057897 &    -0.032006 &    -0.036374 &  0.030623 &  -0.050493 &  0.023514 &  0.182830 &  0.064174 &       0.004537 & -0.029651 &     0.126346 \\
bloss62             &  0.697646 &  0.222231 &  1.000000 &  0.083171 &  0.092028 &  0.596091 &     -0.049228 &             0.028078 &     0.050754 & -0.519551 &   0.040709 &     0.010913 &     0.050303 &    -0.065337 & -0.116349 &  -0.023464 &  0.000859 &  0.385215 & -0.068764 &       0.102801 & -0.279537 &    -0.166112 \\
fa\_atr              &  0.393312 & -0.905826 &  0.083171 &  1.000000 & -0.087698 & -0.092008 &     -0.116696 &             0.101908 &     0.103554 & -0.006944 &   0.125012 &    -0.007006 &     0.050051 &    -0.009796 & -0.089605 &   0.031061 & -0.023903 &  0.069308 & -0.113592 &       0.080957 & -0.071383 &    -0.204104 \\
fa\_rep              & -0.174238 &  0.288277 &  0.092028 & -0.087698 &  1.000000 &  0.168751 &     -0.053133 &             0.048855 &     0.111271 & -0.202170 &  -0.087327 &    -0.033555 &     0.108260 &    -0.065590 & -0.083005 &  -0.047586 & -0.026424 &  0.251762 &  0.043357 &       0.192700 & -0.074676 &    -0.050452 \\
fa\_sol              &  0.181425 &  0.411247 &  0.596091 & -0.092008 &  0.168751 &  1.000000 &     -0.041007 &             0.059779 &     0.071439 & -0.368931 &  -0.025186 &    -0.024943 &     0.068297 &    -0.068602 & -0.062784 &  -0.027406 & -0.019407 &  0.285665 & -0.003567 &       0.095814 & -0.141895 &    -0.062046 \\
fa\_intra\_rep        & -0.005034 &  0.074893 & -0.049228 & -0.116696 & -0.053133 & -0.041007 &      1.000000 &            -0.089892 &    -0.074881 &  0.055272 &  -0.072402 &    -0.026251 &    -0.059664 &     0.096938 &  0.020683 &   0.063124 &  0.060397 & -0.033586 &  0.055557 &      -0.097226 &  0.106568 &     0.210832 \\
fa\_intra\_sol\_xover4 & -0.004445 & -0.070415 &  0.028078 &  0.101908 &  0.048855 &  0.059779 &     -0.089892 &             1.000000 &     0.098712 & -0.027093 &  -0.060981 &     0.032652 &     0.105435 &    -0.097979 & -0.051155 &  -0.050365 & -0.036783 &  0.023355 &  0.115492 &       0.059214 & -0.055636 &    -0.089509 \\
lk\_ball\_wtd         & -0.025120 & -0.063237 &  0.050754 &  0.103554 &  0.111271 &  0.071439 &     -0.074881 &             0.098712 &     1.000000 & -0.039133 &  -0.048559 &     0.031642 &     0.113204 &    -0.114145 & -0.033974 &  -0.043547 & -0.031421 &  0.100963 &  0.092247 &       0.180254 & -0.076139 &    -0.130705 \\
fa\_elec             & -0.174048 & -0.284551 & -0.519551 & -0.006944 & -0.202170 & -0.368931 &      0.055272 &            -0.027093 &    -0.039133 &  1.000000 &   0.039742 &    -0.021343 &    -0.029921 &     0.048772 &  0.063150 &   0.022984 & -0.010381 & -0.325377 &  0.016685 &      -0.089160 &  0.187057 &     0.130385 \\
pro\_close           &  0.153775 & -0.138590 &  0.040709 &  0.125012 & -0.087327 & -0.025186 &     -0.072402 &            -0.060981 &    -0.048559 &  0.039742 &   1.000000 &    -0.047844 &    -0.008952 &     0.090944 & -0.009377 &  -0.030587 & -0.052472 & -0.082571 & -0.147810 &      -0.060301 &  0.058587 &    -0.047498 \\
hbond\_sr\_bb         & -0.013605 & -0.057897 &  0.010913 & -0.007006 & -0.033555 & -0.024943 &     -0.026251 &             0.032652 &     0.031642 & -0.021343 &  -0.047844 &     1.000000 &     0.021573 &     0.038006 &  0.003725 &   0.003939 &  0.055691 & -0.017316 &  0.123531 &       0.017577 & -0.063969 &    -0.047285 \\
hbond\_lr\_bb         & -0.027211 & -0.032006 &  0.050303 &  0.050051 &  0.108260 &  0.068297 &     -0.059664 &             0.105435 &     0.113204 & -0.029921 &  -0.008952 &     0.021573 &     1.000000 &    -0.125222 & -0.087139 &  -0.069193 & -0.048938 &  0.049056 &  0.123761 &       0.135020 & -0.056419 &    -0.111546 \\
hbond\_bb\_sc         &  0.046554 & -0.036374 & -0.065337 & -0.009796 & -0.065590 & -0.068602 &      0.096938 &            -0.097979 &    -0.114145 &  0.048772 &   0.090944 &     0.038006 &    -0.125222 &     1.000000 &  0.032755 &  -0.011329 &  0.033986 & -0.031378 & -0.117636 &      -0.091753 &  0.085233 &     0.085361 \\
hbond\_sc            & -0.032872 &  0.030623 & -0.116349 & -0.089605 & -0.083005 & -0.062784 &      0.020683 &            -0.051155 &    -0.033974 &  0.063150 &  -0.009377 &     0.003725 &    -0.087139 &     0.032755 &  1.000000 &  -0.012311 & -0.027057 & -0.121133 & -0.039370 &      -0.084334 &  0.069104 &     0.120943 \\
dslf\_fa13           &  0.031796 & -0.050493 & -0.023464 &  0.031061 & -0.047586 & -0.027406 &      0.063124 &            -0.050365 &    -0.043547 &  0.022984 &  -0.030587 &     0.003939 &    -0.069193 &    -0.011329 & -0.012311 &   1.000000 &  0.045836 & -0.050731 &  0.033595 &      -0.064329 &  0.055665 &     0.065449 \\
omega               & -0.007629 &  0.023514 &  0.000859 & -0.023903 & -0.026424 & -0.019407 &      0.060397 &            -0.036783 &    -0.031421 & -0.010381 &  -0.052472 &     0.055691 &    -0.048938 &     0.033986 & -0.027057 &   0.045836 &  1.000000 &  0.044193 &  0.095630 &      -0.029682 & -0.050047 &     0.039329 \\
fa\_dun              &  0.056615 &  0.182830 &  0.385215 &  0.069308 &  0.251762 &  0.285665 &     -0.033586 &             0.023355 &     0.100963 & -0.325377 &  -0.082571 &    -0.017316 &     0.049056 &    -0.031378 & -0.121133 &  -0.050731 &  0.044193 &  1.000000 & -0.007261 &       0.169257 & -0.139745 &    -0.081522 \\
p\_aa\_pp             & -0.163288 &  0.064174 & -0.068764 & -0.113592 &  0.043357 & -0.003567 &      0.055557 &             0.115492 &     0.092247 &  0.016685 &  -0.147810 &     0.123531 &     0.123761 &    -0.117636 & -0.039370 &   0.033595 &  0.095630 & -0.007261 &  1.000000 &       0.068757 & -0.020401 &     0.001835 \\
yhh\_planarity       & -0.033224 &  0.004537 &  0.102801 &  0.080957 &  0.192700 &  0.095814 &     -0.097226 &             0.059214 &     0.180254 & -0.089160 &  -0.060301 &     0.017577 &     0.135020 &    -0.091753 & -0.084334 &  -0.064329 & -0.029682 &  0.169257 &  0.068757 &       1.000000 & -0.145671 &    -0.201357 \\
ref                 & -0.067059 & -0.029651 & -0.279537 & -0.071383 & -0.074676 & -0.141895 &      0.106568 &            -0.055636 &    -0.076139 &  0.187057 &   0.058587 &    -0.063969 &    -0.056419 &     0.085233 &  0.069104 &   0.055665 & -0.050047 & -0.139745 & -0.020401 &      -0.145671 &  1.000000 &     0.149097 \\
rama\_prepro         & -0.142680 &  0.126346 & -0.166112 & -0.204104 & -0.050452 & -0.062046 &      0.210832 &            -0.089509 &    -0.130705 &  0.130385 &  -0.047498 &    -0.047285 &    -0.111546 &     0.085361 &  0.120943 &   0.065449 &  0.039329 & -0.081522 &  0.001835 &      -0.201357 &  0.149097 &     1.000000 \\
\bottomrule
\end{tabular}
